147:(50.0, -0.2, 27.8)
149:(50.3, 1.0, 27.8)
157:(50.0, -0.2, 27.8)
159:(50.3, 1.0, 27.8)
167:(50.0, -0.2, 27.8)
170:(50.3, 1.0, 27.8)
177:(50.0, -0.2, 27.8)
180:(50.3, 1.0, 27.8)
187:(50.0, -0.2, 27.8)
190:(50.3, 1.0, 27.8)
197:(50.0, -0.2, 27.8)
200:(50.3, 1.0, 27.8)
207:(50.0, -0.2, 27.8)
210:(50.3, 1.0, 27.8)
217:(50.0, -0.2, 27.8)
220:(50.3, 1.0, 27.8)
227:(50.0, -0.2, 27.8)
230:(50.3, 1.0, 27.8)
237:(50.0, -0.2, 27.8)
239:(50.3, 1.0, 27.8)
247:(50.0, -0.2, 27.8)
249:(50.3, 1.0, 27.8)
257:(50.0, -0.2, 27.8)
259:(50.3, 1.0, 27.8)
267:(50.0, -0.2, 27.8)
269:(50.3, 1.0, 27.8)
277:(50.0, -0.2, 27.8)
279:(50.3, 1.0, 27.8)
287:(50.0, -0.2, 27.8)
289:(50.3, 1.0, 27.8)
297:(50.0, -0.2, 27.8)
299:(50.3, 1.0, 27.8)
307:(50.0, -0.2, 27.8)
309:(50.3, 1.0, 27.8)
317:(50.0, -0.2, 27.8)
319:(50.3, 1.0, 27.8)
327:(50.0, -0.2, 27.8)
329:(50.3, 1.0, 27.8)
337:(50.0, -0.2, 27.8)
339:(50.3, 1.0, 27.8)
347:(50.0, -0.2, 27.8)
349:(50.3, 1.0, 27.8)
357:(50.0, -0.2, 27.8)
359:(50.3, 1.0, 27.8)
367:(50.0, -0.2, 27.8)
369:(50.3, 1.0, 27.8)
377:(50.0, -0.2, 27.8)
379:(50.3, 1.0, 27.8)
387:(50.0, -0.2, 27.8)
389:(50.3, 1.0, 27.8)
397:(50.0, -0.2, 27.8)
399:(50.3, 1.0, 27.8)
407:(50.0, -0.2, 27.8)
409:(50.3, 1.0, 27.8)
417:(50.0, -0.2, 27.8)
419:(50.3, 1.0, 27.8)
427:(50.0, -0.2, 27.8)
429:(50.3, 1.0, 27.8)
437:(50.0, -0.2, 27.8)
439:(50.3, 1.0, 27.8)
447:(50.0, -0.2, 27.8)
449:(50.3, 1.0, 27.8)
457:(50.0, -0.2, 27.8)
459:(50.3, 1.0, 27.8)
524:(46.9, -0.4, 19.9)
526:(48.1, 0.4, 19.9)
534:(46.9, -0.4, 19.9)
536:(48.1, 0.4, 19.9)
544:(46.9, -0.4, 19.9)
547:(48.1, 0.4, 19.9)
554:(46.9, -0.4, 19.9)
557:(48.1, 0.4, 19.9)
564:(46.9, -0.4, 19.9)
567:(48.1, 0.4, 19.9)
574:(46.9, -0.4, 19.9)
577:(48.1, 0.4, 19.9)
584:(46.9, -0.4, 19.9)
587:(48.1, 0.4, 19.9)
